400013:7762.1978,7763.3325,648.375,933.714
400024:7757.2275,7758.383,610.538,957.928
400026:7743.764,7742.4946,610.939,987.784
400064:7757.241,7756.785,593.968,945.8865
400004:7741.4004,7743.5557,585.222,933.5267
400053:7750.5283,7750.9053,845.7032,971.952
400012:7772.193,7773.194,834.599,933.5856
400006:7753.775,7752.8745,639.531,1014.913
400010:7716.6484,7717.394,592.158,971.5453
400037:7739.3477,7741.2495,586.16,972.5199
400051:7760.3315,7759.4214,748.285,934.4516
400050:7738.1504,7737.5063,633.9472,1015.8219
400055:7834.5874,7838.0586,591.6246,787.4158
400027:7756.6855,7755.6694,539.245,1011.8155
400063:7757.291,7757.29,797.2773,952.89
400049:7755.0327,7754.525,610.515,967.455
400025:7910.9805,7910.452,560.9,894.4740
400014:7761.6562,7760.9365,833.4156,958.0968
400031:7765.6465,7764.663,644.344,1010.2278
400008:7832.9956,7832.6055,757.240,1006.624
400039:7761.6323,7761.9546,806.7237,938.890
400048:7759.489,7760.762,634.3750,905.687
400029:7770.8374,7770.332,625.9685,948.265
400009:5619.5977,5618.863,803.320,964.910
400060:7752.13,7753.788,821.881,946.2206
400067:7731.272,7730.8145,821.957,964.09
400023:5635.642,5635.482,617.593,1003.632
400019:7761.781,7761.469,782.1716,926.7248
400030:7777.0503,7778.1465,822.6914,920.026
400042:7757.0894,7755.9526,837.065,951.6899
400002:7773.9185,7775.3047,869.7485,993.25
400041:7784.7505,7784.643,746.498,944.0934
400016:7763.7886,7764.597,799.9595,911.975
400059:7716.2866,7715.875,656.5776,1019.501
400035:7740.7104,7738.6167,829.87,1002.0278
400061:7776.934,7775.2324,786.3913,960.128
400028:7767.2363,7768.53,664.3,1001.6517
400007:7778.1406,7778.8076,549.229,911.975
400069:7754.47,7753.884,797.846,919.1120
